solid OpenSCAD_Model
  facet normal -1 0 0
    outer loop
      vertex -5.5 5.5 -3.75
      vertex -5.5 4.65147 1.95
      vertex -5.5 5.5 1.95
    endloop
  endfacet
  facet normal -1 0 0
    outer loop
      vertex -5.5 -5.5 -3.75
      vertex -5.5 4.65147 1.95
      vertex -5.5 5.5 -3.75
    endloop
  endfacet
  facet normal -1 0 0
    outer loop
      vertex -5.5 -5.5 3.75
      vertex -5.5 4.65147 1.95
      vertex -5.5 -5.5 -3.75
    endloop
  endfacet
  facet normal -1 0 0
    outer loop
      vertex -5.5 4.65147 1.95
      vertex -5.5 -5.5 3.75
      vertex -5.5 4.65147 3.75
    endloop
  endfacet
  facet normal 0 0 1
    outer loop
      vertex -5.5 4.65147 3.75
      vertex -5.5 -5.5 3.75
      vertex 4.65147 -5.5 3.75
    endloop
  endfacet
  facet normal 0 0 1
    outer loop
      vertex 5.5 5.5 3.75
      vertex -4.65147 5.5 3.75
      vertex 5.5 -4.65147 3.75
    endloop
  endfacet
  facet normal 1 0 0
    outer loop
      vertex 5.5 -4.65147 1.95
      vertex 5.5 5.5 3.75
      vertex 5.5 -4.65147 3.75
    endloop
  endfacet
  facet normal 1 0 0
    outer loop
      vertex 5.5 5.5 3.75
      vertex 5.5 -4.65147 1.95
      vertex 5.5 5.5 -3.75
    endloop
  endfacet
  facet normal 1 0 0
    outer loop
      vertex 5.5 -5.5 -3.75
      vertex 5.5 -4.65147 1.95
      vertex 5.5 -5.5 1.95
    endloop
  endfacet
  facet normal 1 0 0
    outer loop
      vertex 5.5 -4.65147 1.95
      vertex 5.5 -5.5 -3.75
      vertex 5.5 5.5 -3.75
    endloop
  endfacet
  facet normal 0 1 0
    outer loop
      vertex 5.5 5.5 3.75
      vertex -4.65147 5.5 1.95
      vertex -4.65147 5.5 3.75
    endloop
  endfacet
  facet normal 0 1 -0
    outer loop
      vertex 5.5 5.5 -3.75
      vertex -4.65147 5.5 1.95
      vertex 5.5 5.5 3.75
    endloop
  endfacet
  facet normal 0 1 0
    outer loop
      vertex -5.5 5.5 -3.75
      vertex -4.65147 5.5 1.95
      vertex 5.5 5.5 -3.75
    endloop
  endfacet
  facet normal 0 1 0
    outer loop
      vertex -4.65147 5.5 1.95
      vertex -5.5 5.5 -3.75
      vertex -5.5 5.5 1.95
    endloop
  endfacet
  facet normal 0 0 -1
    outer loop
      vertex -5.5 -5.5 -3.75
      vertex 5.5 5.5 -3.75
      vertex 5.5 -5.5 -3.75
    endloop
  endfacet
  facet normal -0 0 -1
    outer loop
      vertex 5.5 5.5 -3.75
      vertex -5.5 -5.5 -3.75
      vertex -5.5 5.5 -3.75
    endloop
  endfacet
  facet normal 0 -1 0
    outer loop
      vertex -5.5 -5.5 3.75
      vertex 4.65147 -5.5 1.95
      vertex 4.65147 -5.5 3.75
    endloop
  endfacet
  facet normal 0 -1 0
    outer loop
      vertex -5.5 -5.5 -3.75
      vertex 4.65147 -5.5 1.95
      vertex -5.5 -5.5 3.75
    endloop
  endfacet
  facet normal 0 -1 0
    outer loop
      vertex 5.5 -5.5 -3.75
      vertex 4.65147 -5.5 1.95
      vertex -5.5 -5.5 -3.75
    endloop
  endfacet
  facet normal 0 -1 0
    outer loop
      vertex 4.65147 -5.5 1.95
      vertex 5.5 -5.5 -3.75
      vertex 5.5 -5.5 1.95
    endloop
  endfacet
  facet normal -0.707107 -0.707107 0
    outer loop
      vertex 5.5 -4.65147 1.95
      vertex -4.65147 5.5 3.75
      vertex -4.65147 5.5 1.95
    endloop
  endfacet
  facet normal -0.707107 -0.707107 0
    outer loop
      vertex -4.65147 5.5 3.75
      vertex 5.5 -4.65147 1.95
      vertex 5.5 -4.65147 3.75
    endloop
  endfacet
  facet normal 0.707107 0.707107 0
    outer loop
      vertex 4.65147 -5.5 3.75
      vertex -5.5 4.65147 1.95
      vertex -5.5 4.65147 3.75
    endloop
  endfacet
  facet normal 0.707107 0.707107 0
    outer loop
      vertex -5.5 4.65147 1.95
      vertex 4.65147 -5.5 3.75
      vertex 4.65147 -5.5 1.95
    endloop
  endfacet
  facet normal 0 0 1
    outer loop
      vertex 5.5 -4.65147 1.95
      vertex 4.65147 -5.5 1.95
      vertex 5.5 -5.5 1.95
    endloop
  endfacet
  facet normal 0 0 1
    outer loop
      vertex -4.65147 5.5 1.95
      vertex 4.65147 -5.5 1.95
      vertex 5.5 -4.65147 1.95
    endloop
  endfacet
  facet normal 0 0 1
    outer loop
      vertex -5.5 4.65147 1.95
      vertex -4.65147 5.5 1.95
      vertex -5.5 5.5 1.95
    endloop
  endfacet
  facet normal 0 0 1
    outer loop
      vertex -4.65147 5.5 1.95
      vertex -5.5 4.65147 1.95
      vertex 4.65147 -5.5 1.95
    endloop
  endfacet
endsolid OpenSCAD_Model
